1655753296214 648.2988891601562 0
1655753296215 419.2462463378906 0
1655753296215 368.72235107421875 0
1655753296216 337.0415954589844 0
1655753296216 330.1258239746094 0
1655753296217 331.3706970214844 0
1655753296217 323.25469970703125 0
1655753296217 311.2580261230469 0
1655753296218 303.8663635253906 0
1655753296218 300.1345520019531 0
1655753296219 299.21533203125 0
1655753296219 298.3472900390625 0
1655753296219 294.34454345703125 0
1655753296220 293.2009582519531 0
1655753296220 293.6831970214844 0
1655753296221 291.34197998046875 0
