1655753296221 18.502098083496094 0
1655753296221 15.008214950561523 0
1655753296222 14.052497863769531 0
1655753296222 13.39116096496582 0
1655753296223 13.21627140045166 0
1655753296223 13.246138572692871 0
1655753296223 13.094194412231445 0
1655753296224 12.822040557861328 0
1655753296224 12.652548789978027 0
1655753296224 12.569525718688965 0
1655753296225 12.55040454864502 0
1655753296225 12.521320343017578 0
1655753296226 12.466630935668945 0
1655753296226 12.438668251037598 0
1655753296226 12.421361923217773 0
1655753296227 12.401097297668457 0
