1655413118274 778.5186157226562 0
1655413118275 507.4324645996094 0
1655413118275 480.5985107421875 0
1655413118275 470.7760009765625 0
1655413118276 468.8004455566406 0
1655413118276 467.18682861328125 0
1655413118276 466.21173095703125 0
1655413118277 466.44073486328125 0
1655413118277 466.6470947265625 0
1655413118278 466.0864562988281 0
1655413118278 465.99627685546875 0
1655413118278 473.6911315917969 0
1655413118279 482.73443603515625 0
1655413118279 490.9395751953125 0
1655413118279 496.9591064453125 0
1655413118280 499.7121276855469 0
1655413118280 501.8069152832031 0
1655413118281 503.79998779296875 0
1655413118281 505.69329833984375 0
