1655413118281 20.75372314453125 0
1655413118282 17.228288650512695 0
1655413118282 16.740766525268555 0
1655413118282 16.576433181762695 0
1655413118283 16.529382705688477 0
1655413118283 16.539213180541992 0
1655413118284 16.53055191040039 0
1655413118284 16.548118591308594 0
1655413118284 16.552051544189453 0
1655413118285 16.549039840698242 0
1655413118285 16.57139778137207 0
1655413118285 16.740097045898438 0
1655413118286 17.016361236572266 0
1655413118286 17.263456344604492 0
1655413118286 17.403934478759766 0
1655413118287 17.469579696655273 0
1655413118287 17.518613815307617 0
1655413118288 17.56494140625 0
1655413118288 17.60870933532715 0
